336.033600 0.296918 -0.823627 -0.389343 6.192848 1.995002 0.505640 
337.033700 0.313887 -0.818161 -0.387957 6.156339 2.096276 0.553514 
338.033800 0.330755 -0.812417 -0.386441 6.117763 2.196827 0.601194 
339.033900 0.347518 -0.806398 -0.384793 6.077136 2.296617 0.648661 
340.034000 0.364169 -0.800105 -0.383016 6.034474 2.395611 0.695898 
341.034100 0.380704 -0.793541 -0.381109 5.989796 2.493771 0.742888 
342.034200 0.397116 -0.786708 -0.379074 5.943120 2.591064 0.789614 
343.034300 0.413400 -0.779609 -0.376910 5.894465 2.687452 0.836059 
344.034400 0.429551 -0.772245 -0.374620 5.843852 2.782902 0.882205 
345.034500 0.445563 -0.764620 -0.372202 5.791300 2.877378 0.928036 
346.034600 0.461431 -0.756736 -0.369659 5.736834 2.970847 0.973535 
347.034700 0.477150 -0.748596 -0.366992 5.680474 3.063276 1.018685 
348.034800 0.492714 -0.740203 -0.364201 5.622245 3.154630 1.063471 
349.034900 0.508119 -0.731559 -0.361287 5.562171 3.244879 1.107876 
350.035000 0.523360 -0.722668 -0.358251 5.500278 3.333989 1.151884 
351.035100 0.538430 -0.713533 -0.355095 5.436591 3.421930 1.195479 
352.035200 0.553327 -0.704157 -0.351820 5.371137 3.508670 1.238646 
353.035300 0.568044 -0.694543 -0.348426 5.303943 3.594180 1.281369 
354.035400 0.582576 -0.684695 -0.344915 5.235039 3.678429 1.323634 
355.035500 0.596920 -0.674616 -0.341288 5.164452 3.761389 1.365425 
356.035600 0.611071 -0.664310 -0.337547 5.092212 3.843032 1.406728 
357.035700 0.625024 -0.653780 -0.333692 5.018350 3.923329 1.447528 
358.035800 0.638774 -0.643030 -0.329726 4.942896 4.002254 1.487812 
359.035900 0.652317 -0.632064 -0.325649 4.865883 4.079781 1.527565 
360.036000 0.665650 -0.620885 -0.321464 4.787342 4.155883 1.566774 
361.036100 0.678767 -0.609498 -0.317171 4.707306 4.230536 1.605426 
362.036200 0.691665 -0.597906 -0.312772 4.625809 4.303716 1.643508 
363.036300 0.704340 -0.586114 -0.308269 4.542885 4.375400 1.681006 
364.036400 0.716788 -0.574126 -0.303663 4.458568 4.445564 1.717909 
